kinematics:
  shoulder:
    x: 0
    y: 0
    z: 0.16267449404703629
    roll: -0
    pitch: 0
    yaw: -5.8848569045588668e-08
  upper_arm:
    x: 0.00018124105100684532
    y: 0
    z: 0
    roll: 1.5708433334116005
    pitch: 0
    yaw: -1.1759866207616508e-06
  forearm:
    x: -0.42519548202926405
    y: 0
    z: 0
    roll: 3.1414012651212464
    pitch: -3.1405670169881681
    yaw: 3.1415908540902806
  wrist_1:
    x: -0.39230057009706987
    y: -0.00034223185410302558
    z: 0.13380450008349382
    roll: 0.0025576950522434839
    pitch: 0.0018069249039949929
    yaw: -5.5099584801761768e-06
  wrist_2:
    x: -9.8872875295838642e-05
    y: -0.099703196115540987
    z: 0.00016830363771457813
    roll: 1.5691082818333355
    pitch: 0
    yaw: -3.6406729608806648e-07
  wrist_3:
    x: 8.0124052363486028e-06
    y: 0.09960233341100598
    z: 4.4988401052043433e-05
    roll: 1.571248006955912
    pitch: 3.1415926535897931
    yaw: 3.1415926449754257
  hash: calib_3779114736716944879
